4,70
4,69
4,68
4,67
4,66
4,65
4,64
4,35
4,34
4,33
4,32
4,31
4,30
4,29
4,28
4,27
4,26
4,25
4,24
4,23
4,22
4,21
4,20
4,19
4,18
4,17
4,16
4,15
4,14
4,13
4,12
4,11
4,10
4,9
4,8
4,7
4,6
4,5
4,2
3,2
3,1
2,2
3,3
4,1
1,2
4,4
0,322
4,3
0,310
1,1
2,1
0,307
1,3
2,3
0,305
0,358
0,357
0,356
0,345
0,344
0,343
0,342
0,341
0,340
0,339
0,335
0,334
0,333
0,332
0,331
0,302
0,330
0,243
0,329
0,9
0,328
0,327
0,326
1,0
2,0
3,0
4,0
0,308
0,304
0,303
0,12
0,10
0,8
0,0
0,300
0,299
0,298
0,297
0,296
0,295
0,294
0,293
0,292
0,291
0,290
0,289
0,288
0,287
0,286
0,285
0,284
0,283
0,282
0,281
0,280
0,279
0,278
0,277
0,276
0,275
0,274
0,273
0,272
0,271
0,270
0,269
0,268
0,267
0,266
0,265
0,264
0,263
0,262
0,261
0,260
0,259
0,258
0,257
0,256
0,255
0,254
0,253
0,252
0,251
0,250
0,249
0,248
0,247
0,246
0,245
0,244
0,242
0,241
0,240
0,239
0,238
0,237
0,236
0,235
0,234
0,233
0,232
0,231
0,230
0,229
0,228
0,227
0,226
0,225
0,224
0,223
0,222
0,221
0,220
0,219
0,218
0,217
0,216
0,215
0,214
0,213
0,212
0,211
0,210
0,209
0,208
0,207
0,206
0,205
0,204
0,361
0,203
0,360
0,202
0,359
0,201
0,355
0,200
0,354
0,199
0,353
0,198
0,352
0,197
0,196
0,351
0,195
0,350
0,194
0,349
0,193
0,348
0,192
0,347
0,63
0,346
0,62
0,338
0,61
0,337
0,60
0,324
0,59
0,323
0,58
0,57
0,321
0,56
0,320
0,55
0,319
0,54
0,318
0,53
0,315
0,52
0,336
0,51
0,317
0,314
0,50
0,316
0,313
0,49
0,325
0,312
0,48
0,311
0,47
0,309
0,46
0,306
0,45
0,301
0,6
0,5
0,1
0,11
0,4
0,2
0,3
0,7
